0 0 0 0 0 0 -3 7.85 -19 6 6 3 105 63
0 0 0 0 0 0 -4 6.85 -51.5 8 4 4 60 113
0 0 0 0 0 0 -4 6.85 -61 8 8 7 8 101
0 0 0 0 0 0 2.5 14.85 -61 1 1 7 26 123
0 0 0 0 0 0 -3.5 14.85 -61 1 1 7 26 123
0 0 0 0 0 0 -4 10.85 -51.5 8 4 1 121 106
0 0 0 0 0 0 -4 10.85 -48.5 8 4 1 121 106
0 0 0 0 0 0 -3 9.5 -14 6 2 21 80 4
0 0 0 0 0 0 -2.5 9.75 -4 5 3 7 2 4 0 12.5 -0.5 -22.5 0 0
0 0 0 0 0 0 -1.995 12.75 -4 4 1 5 14 15 0 12.5 -0.5 -22.5 0 0
0 0 0 0 0 0 -2 14 -7.25 4 1 4 22 3
0 0 0 0 0 0 -2.51 11.07 -14.638 5 3 11 45 26
0 0 0 0 0 0 -3.51 12.57 -9.638 7 2 4 78 36
0 0 0 0 0 0 -3.51 10.57 -16.638 7 4 7 115 30
0 0 0 0 0 0 -3.5 10.513 -17.187 7 4 1 105 44 -0.01 12.513 -16.687 -15 0 0
0 0 0 0 0 0 1.5 13.595 -5.888 2 1 2 105 29
0 0 0 0 0 0 -3.48 13.139 -5.847 1 1 2 106 33 -2.99 13.264 -4.722 30 0 0
0 0 0 0 0 0 -3.5 13.595 -5.888 2 1 2 105 29
0 0 0 0 0 0 2.48 13.139 -5.847 1 1 2 106 33 2.99 13.264 -4.722 30 0 0
0 0 0 0 0 0 3 9 -1 1 3 8 9 23
0 0 0 0 0 0 -3.975 9 6.2 1 1 3 8 24
0 0 0 0 0 0 -3.95 10 7 1 1 1 10 21
0 0 0 0 0 0 -3.97 9.126 7.271 1 3 1 4 22 -3.47 10.626 7.771 47.5 0 0
0 0 0 0 0 0 -4 9 -1 1 3 8 9 23
0 0 0 0 0 0 -4 7 -1 8 2 5 67 47
0 0 0 0 0 0 -3.5 2 -7.5 7 6 8 6 64
0 0 0 0 0 0 -2 2 0.5 4 4 2 8 83
0 0 0 0 0 0 -1.5 2.5 2.5 3 3 3 21 80
0 0 0 0 0 0 2.25 4.5 0.5 1 1 6 46 79
0 0 0 0 0 0 4.975 9.175 0.6 1 1 6 46 79 5.475 9.675 3.6 -27.5 0 0
0 0 0 0 0 0 3.975 9.175 0.6 1 1 1 57 81 5.475 9.675 3.6 -27.5 0 0
0 0 0 0 0 0 2.65 5.225 5.5 1 2 1 48 89 3.444 6.855 6 0 0 -15
0 0 0 0 0 0 2.65 6.485 5.5 1 3 1 55 89 3.444 6.855 6 0 0 -65
0 0 0 0 0 0 -1.5 5.5 3.5 3 4 2 25 91
0 0 0 0 0 0 -3 2.75 -15.5 6 6 8 71 67
0 0 0 0 0 0 -3.5 2.25 -16.5 7 6 1 39 69
0 0 0 0 0 0 -2 2.75 -17.5 4 5 1 67 86
0 0 0 0 0 0 -1.5 3 -18 3 3 1 67 86
0 0 0 0 0 0 -1 3.5 -27 2 2 9 66 96
0 0 0 0 0 0 -1 3.5 -49 2 1 22 77 105
0 0 0 0 0 0 -1 3.5 -58 2 2 9 111 113
0 0 0 0 0 0 -1 4.5 -59.95 2 1 2 127 116
0 0 0 0 0 0 -1.005 3.95 -59.375 2 1 2 127 116 0 5 -58.5 -27.5 0 0
0 0 0 0 0 0 -1.5 5.5 -51 3 2 3 105 112
0 0 0 0 0 0 -1.5 5.5 -60.5 3 2 4 104 111
0 0 0 0 0 0 -1 5.5 -27 2 2 1 69 86
0 0 0 0 0 0 -1.005 5.475 -26.675 2 2 1 69 86 0 6.5 -25.5 25 0 0
0 0 0 0 0 0 2 3.25 -9.4 1 5 2 55 61 3 5.5 -8.5 0 25 0
0 0 0 0 0 0 -3 3.25 -9.4 1 5 2 55 61 -3 5.5 -8.5 0 -25 0
0 0 0 0 0 0 -2.5 2.546 -9.088 5 1 2 62 58 0.5 2.921 -8.113 -35 0 0
0 0 0 0 0 0 -4.005 7.196 -1.377 8 2 2 95 53 3.5 7.696 -0.877 35 0 0
0 0 0 0 0 0 -4.005 7.196 -17.623 8 2 2 47 46 3.5 7.696 -16.123 -35 0 0
0 0 0 0 0 0 -4.005 7.196 2.377 8 3 2 21 23 3.5 7.696 3.877 -35 0 0
0 0 0 0 0 0 -4 8 -18 8 3 17 2 41
0 0 0 0 0 0 0 2 -14 4 6 2 61 94 0 6.5 -13 0 0 5
0 0 0 0 0 0 -4 2 -11 4 6 2 61 94 0 6.5 -13 0 0 -5
0 0 0 0 0 0 -4 2 -14 4 6 2 61 94 0 6.5 -13 0 0 -5
0 0 0 0 0 0 0 2 -11 4 6 2 61 94 0 6.5 -13 0 0 5
0 0 0 0 0 0 -4 7 -18 8 1 2 8 35
0 0 0 0 0 0 2.975 9 6.2 1 1 3 8 24
0 0 0 0 0 0 2.95 10 7 1 1 1 10 21
0 0 0 0 0 0 2.97 9.126 7.271 1 3 1 4 22 3.47 10.626 7.771 47.5 0 0
0 0 0 0 0 0 -3 9.484 6.951 6 2 1 31 11 0 9.984 7.451 35 0 0
0 0 0 0 0 0 -2.5 8.701 6.567 5 2 5 47 9
0 0 0 0 0 0 -1 10.201 7.817 2 1 3 14 117
0 0 0 0 0 0 -1.005 9.901 9.442 2 3 1 18 123 0 10.701 10.317 -40 0 0
0 0 0 0 0 0 -1.505 10.401 10.192 3 4 1 70 28 0 10.701 10.317 -40 0 0
0 0 0 0 0 0 -1 11.132 9.571 2 8 1 53 122 -0.005 14.132 10.421 32.5 0 0
0 0 0 0 0 0 -0.745 17.007 -0.429 1 2 8 117 12
0 0 0 0 0 0 -0.245 17.007 -0.429 1 2 8 117 12
0 0 0 0 0 0 -0.995 16.307 -8.029 2 2 8 131 8 0.005 18.007 -1.429 32.5 0 0
0 0 0 0 0 0 -1.495 16.307 -0.529 3 1 1 129 6 0.005 18.007 -1.429 32.5 0 0
0 0 0 0 0 0 -0.995 15.307 -5.029 2 1 6 136 20 0.005 18.007 -1.429 32.5 0 0
0 0 0 0 0 0 -1 13.167 -2.597 2 2 2 140 29 0.005 15.292 -1.597 12.5 0 0
0 0 0 0 0 0 -1.5 11.632 10.396 3 7 1 80 14 -0.005 14.132 10.421 30 0 0
0 0 0 0 0 0 -1.51 17.632 7.396 3 2 2 79 5
0 0 0 0 0 0 -1.01 18.457 6.896 2 1 2 70 2
0 0 0 0 0 0 -1.5 11.632 11.396 3 2 1 80 10 -0.005 14.132 10.421 30 0 0
0 0 0 0 0 0 -1.51 14.233 10.66 3 3 1 91 5 0.01 15.233 11.535 50 0 0
0 0 0 0 0 0 -2.01 8.003 5.178 4 2 4 56 18 0.5 9.003 7.178 -40 0 0
0 0 0 0 0 0 -2 6.951 8.067 4 2 3 37 29
0 2.977 -12.15 17.5 0 0 -0.5 -8.523 -14.65 1 12 5 129 132
0 10.543 -27.117 0 0 0 -4 6.85 -30 8 8 6 124 48
0 10.543 -27.117 0 0 0 -5 12.85 -29.5 10 3 5 115 83
0 10.543 -27.117 0 0 0 -5 12.85 -24.5 10 2 1 120 93
0 10.543 -27.117 0 0 0 2 13.746 -24.218 2 9 3 128 67 3 18.246 -22.718 -39.569 -6.409 7.693
0 10.543 -27.117 0 0 0 -4 13.746 -24.218 2 9 3 128 67 -3 18.246 -22.718 -39.569 6.409 -7.693
0 10.543 -27.117 0 0 0 1 20.6 -22.5 2 1 4 89 87
0 10.543 -27.117 0 0 0 -3 21.6 -22.5 6 2 4 90 94
0 10.543 -27.117 0 0 0 -3 20.6 -22.5 2 1 4 89 87
