0 18 -25 0 0 0 -0.5 17.5 -25.5 1 1 1 0 227
0 18 -25 0 0 0 -5 16 -34 10 3 16 10 4
0 18 -25 0 0 -30 -4.83 13.36 -34 3 3 16 10 4
0 18 -25 -6 -25 -20 -2.23 13.96 -17.9 1 4 8 0 0
0 18 -25 0 0 -18 -8.35 12.66 -12.6 1 4 23 10 4
0 18 -25 35 0 0 -5 4.8 -19.7 10 10 1 0 0
0 18 -25 0 0 -50 -3.13 9.66 -34 3 3 16 10 4
0 18 -25 -20 -15 -50 -1.33 11.76 -16.5 1 4 7 0 0
0 18 -25 0 0 -50 -4.63 6.56 -13.2 1 4 24 10 4
0 18 -25 0 0 18 -13.5 15.06 -34 6 3 124 0 0
0 18 -25 0 0 18 -17.5 11.06 -17 4 7 107 0 0
0 18 -25 0 -13 18 -15.16 15.04 -30.68 4 3 17 10 4
0 18 -25 0 -13 18 -15.2 11.08 -14.28 4 7 1 0 0
0 18 -25 0 -35 18 -3.4 15.04 5 10 3 14 10 4
0 18 -25 0 0 18 -28.04 15.08 9.1 11 3 12 10 4
0 18 -25 0 30 18 -47.32 15.04 0.9 10 3 22 10 4
0 18 -25 0 -20 18 -11.3 15.04 -6.3 4 3 11 14 8
0 18 -25 6 25 -20 -22.43 9.36 3 1 4 8 0 0
0 18 -25 20 15 -50 -13.7 -4.24 2.7 1 4 7 0 0
0 18 -25 0 0 0 -5 16 16 10 3 65 0 0
0 18 -25 0 0 -30 -4.83 13.36 16.1 3 3 65 0 0
0 18 -25 0 0 -50 -3.15 9.66 14.9 3 3 66 0 0
0 18 -25 15 -22 30 -1.73 9.76 -17.8 1 9 8 0 0
0 18 -25 0 0 25 -7.25 12.96 -12.6 1 9 23 10 4
0 18 -25 -15 22 30 -19.7 21.16 2.9 1 9 8 0 0
0 18 -25 0 0 -5 -16.1 5.16 40.8 3 6 35 10 4
0 18 -25 0 0 5 -27.4 7.16 40.8 20 2 35 10 4
0 18 -25 0 -5 -20 -90.7 -2.42 65.2 79 1 12 10 4
0 18 -25 0 12 -20 -112.8 -2.44 35.1 79 1 12 10 4
0 18 -25 0 -5 -20 -52.6 -2.46 54 40 1 12 10 4
0 18 -25 0 0 30 1.83 13.36 -34 3 3 16 10 4
0 18 -25 0 0 50 0.13 9.66 -34 3 3 16 10 4
0 18 -25 0 0 -18 7.5 15.06 -34 6 3 124 0 0
0 18 -25 0 13 -18 11.16 11.04 -30.68 4 7 17 10 4
0 18 -25 0 0 -18 13.5 11.06 -17 4 7 107 0 0
0 18 -25 0 13 -18 11.2 11.08 -14.28 4 7 1 0 0
0 18 -25 -6 25 20 1.23 13.96 -17.9 1 4 8 0 0
0 18 -25 -20 15 50 0.33 11.76 -16.5 1 4 7 0 0
0 18 -25 0 0 18 7.35 12.66 -12.6 1 4 23 10 4
0 18 -25 0 0 50 3.63 6.56 -13.2 1 4 24 10 4
0 18 -25 6 -25 20 21.43 9.36 3 1 4 8 0 0
0 18 -25 20 -15 50 12.7 -4.24 2.7 1 4 7 0 0
0 18 -25 0 0 30 1.83 13.36 16.1 3 3 65 0 0
0 18 -25 0 0 50 0.15 9.66 14.9 3 3 66 0 0
0 18 -25 -15 -22 -30 18.7 21.16 2.9 1 9 8 0 0
0 18 -25 0 0 -25 6.25 12.96 -12.6 1 9 23 10 4
0 18 -25 15 22 -30 0.73 9.76 -17.8 1 9 8 0 0
0 18 -25 0 20 -18 7.3 15.04 -6.3 4 3 11 14 8
0 18 -25 0 35 -18 -6.6 15.04 5 10 3 14 10 4
0 18 -25 0 0 -18 17.04 15.08 9.1 11 3 12 10 4
0 18 -25 0 -30 -18 37.32 15.04 0.9 10 3 22 10 4
0 18 -25 0 0 5 13.1 5.16 36.2 3 6 40 10 4
0 18 -25 0 0 -5 7.4 7.16 40.8 20 2 35 10 4
0 18 -25 0 5 20 11.7 -2.42 65.2 79 1 12 10 4
0 18 -25 0 5 20 12.6 -2.46 54 40 1 12 10 4
0 18 -25 0 -12 20 33.8 -2.44 35.1 79 1 12 10 4
0 18 -25 0 -13 18 -15.16 11.04 -30.68 4 7 17 10 4
0 18 -25 15 0 0 -0.5 18 -63.5 1 2 30 0 150
0 18 -25 9 -20 10 -14.7 13.8 -60.3 1 2 31 0 150
0 18 -25 15 -1 0 -1.2 17.9 -63.4 1 2 30 0 150
0 18 -25 14 5 25 -1.3 19.2 -61.7 1 1 29 0 150
0 18 -25 14 5 25 -2.3 19.2 -59.2 1 1 26 0 150
0 18 -25 14 5 25 -3.3 19.2 -56.8 1 1 23 0 150
0 18 -25 14 5 25 -4.3 19.2 -54.1 1 1 21 0 150
0 18 -25 14 5 25 -5.3 19.2 -51.4 1 1 18 0 150
0 18 -25 14 5 25 -6.3 19.2 -49.1 1 1 15 0 150
0 18 -25 14 5 25 -7.3 19.2 -46.7 1 1 13 0 150
0 18 -25 14 5 25 -8.3 19.2 -44.2 1 1 10 0 150
0 18 -25 14 5 25 -9.3 19.2 -41.5 1 1 7 0 150
0 18 -25 14 5 25 -10.3 19.2 -38.8 1 1 5 0 150
0 18 -25 14 5 25 -11.3 19.2 -36.7 1 1 2 0 150
0 18 -25 9 20 -10 13.7 13.8 -60.3 1 2 31 0 150
0 18 -25 15 1 0 0.2 17.9 -63.4 1 2 30 0 150
0 18 -25 14 -5 -25 0.3 19.2 -61.7 1 1 29 0 150
0 18 -25 14 -5 -25 1.3 19.2 -59.2 1 1 26 0 150
0 18 -25 14 -5 -25 2.3 19.2 -56.8 1 1 23 0 150
0 18 -25 14 -5 -25 3.3 19.2 -54.1 1 1 21 0 150
0 18 -25 14 -5 -25 4.3 19.2 -51.4 1 1 18 0 150
0 18 -25 14 -5 -25 5.3 19.2 -49.1 1 1 15 0 150
0 18 -25 14 -5 -25 6.3 19.2 -46.7 1 1 13 0 150
0 18 -25 14 -5 -25 7.3 19.2 -44.2 1 1 10 0 150
0 18 -25 14 -5 -25 8.3 19.2 -41.5 1 1 7 0 150
0 18 -25 14 -5 -25 9.3 19.2 -38.8 1 1 5 0 150
0 18 -25 14 -5 -25 10.3 19.2 -36.7 1 1 2 0 150
0 18 -25 0 -20 4 -13.8 8.1 -59.3 1 1 6 0 150
0 18 -25 7 20 -4 12.8 12.4 -60.5 1 1 6 0 0
0 18 -25 0 0 0 -1 8 -60.6 2 1 5 0 150
0 18 -25 0 -10 0 -7 8.02 -61.2 1 1 6 0 150
0 18 -25 0 10 0 6 8.02 -61.2 1 1 6 0 150
0 18 -25 0 20 -4 12.8 8.1 -59.3 1 1 6 0 150
0 18 -25 0 0 0 -2.5 7.98 -56.3 5 1 25 0 150
0 18 -25 0 -20 0 -13.1 8.02 -53.9 5 2 25 0 150
0 18 -25 0 -10 0 -7.4 8.04 -55.7 4 1 25 0 150
0 18 -25 0 20 0 8.1 8.02 -53.9 5 2 25 0 150
0 18 -25 0 10 0 3.4 8.04 -55.7 4 1 25 0 150
0 18 -25 0 20 0 8.1 10.02 -50.1 5 1 22 0 150
0 18 -25 0 -20 0 -13.1 10.02 -44.4 5 1 15 0 150
0 18 -25 0 0 0 -11 8 -33 22 3 93 0 0
0 18 -25 0 -20 18 5.4 17.04 40 4 1 6 0 0
0 18 -25 0 0 18 -19.2 17.02 43.55 4 1 46 10 4
0 18 -25 0 20 -18 -9.4 17.04 40 4 1 6 0 0
0 18 -25 0 0 -18 15.2 17.02 43.55 4 1 46 10 4
0 18 -25 0 0 0 -1 19 52 2 12 18 10 4
0 18 -25 0 0 0 -0.5 23 60 1 35 6 0 0
0 18 -25 -8 0 0 -1 28.6 49.4 2 13 2 0 0
0 18 -25 0 0 -5 -2.3 18 55.1 2 13 15 10 4
0 18 -25 0 0 5 0.3 17.7 55.1 2 13 15 10 4
0 18 -25 0 0 -1.5 -1.4 31 59.5 1 15 7 0 0
0 18 -25 0 0 0 -0.5 58 65 1 4 1 0 0
0 18 -25 0 0 0 -0.5 57.6 60 1 1 6 0 0
0 18 -25 0 0 0 -0.5 57.7 61.8 1 2 4 0 0
0 18 -25 0 0 0 -0.5 58.85 63.4 1 2 2 0 0
0 18 -25 0 -5 -20 -92.7 -3.02 50.5 2 2 48 15 15
0 18 -25 0 5 20 90.7 -3.02 50.5 2 2 48 30 18
0 18 -25 0 0 0 -5 14 55 10 3 40 10 4
0 18 -25 0 0 0 -5 1 55 10 3 40 10 4
0 18 -25 0 0 50 -7.9 18.2 55 4 3 40 10 4
0 9 85 0 0 0 -4 9 83 8 0 30 93 151
0 9 85 0 0 0 0 5 83 0 8 30 93 174
0 18 -25 0 0 0 -7.6 4 55 3 10 40 10 4
0 18 -25 0 0 -50 4 18.2 55 4 3 40 10 4
0 18 -25 0 0 0 4.6 4 55 3 10 40 10 4
0 18 -25 0 0 -50 5.8 3.2 55 4 3 40 10 4
0 18 -25 0 0 50 -9.8 3.2 55 4 3 40 10 4
0 18 -25 0 0 0 -8.5 0.5 30 18 14 35 10 4
0 18 -25 -5 0 0 -9.5 8.4 -23.6 20 5 71 0 0
0 18 -25 -5 0 0 -4.5 3.6 -15 10 14 32 10 4
0 18 -25 -5 0 0 -3 4.6 -25 7 13 10 10 4
0 18 -25 -5 0 0 -7 4.6 -12.8 3 13 27 10 4
0 18 -25 -5 0 0 5 4.6 -12.8 3 13 27 10 4
0 18 -25 -15 0 0 -4 20 -19.3 8 4 1 200 200
0 18 -25 -15 0 0 -4 23.25 -18.3 8 7 1 200 200 0 25.25 -17.8 -55 0 0
0 18 -25 -7 -25 -20 -1.63 17.86 -17.1 1 4 7 200 200
0 18 -25 0 0 -20 -7.75 16.06 -12.3 1 4 23 200 200
0 18 -25 0 0 -42 -7.8 16.66 -11.7 1 4 23 200 200
0 18 -25 0 0 0 -4 24.25 -11.65 8 1 28 200 200
0 18 -25 -18.26 -18.34 -42 -3.2 21.26 -16.4 1 4 6 163 200
0 18 -25 0 0 0 -5 19 16 10 7 2 0 0
0 18 -25 6 25 -20 -22.03 12.96 3.8 1 4 8 200 200
0 18 -25 6 10 -20 -12.6 16.46 9 1 3 7 200 200
0 18 -25 -7 25 20 0.63 17.86 -17.1 1 4 7 200 200
0 18 -25 0 0 20 6.75 16.06 -12.3 1 4 23 200 200
0 18 -25 0 0 42 6.8 16.66 -11.7 1 4 23 200 200
0 18 -25 -18.26 18.34 42 2.2 21.26 -16.4 1 4 6 163 200
0 18 -25 0 -2 10 -44 9.4 86 40 1 4 0 0
0 18 -25 0 2 -10 4 9.4 86 40 1 4 0 0
0 18 -25 6 -25 20 21.03 12.96 3.8 1 4 8 200 200
0 18 -25 6 -10 20 11.6 16.46 9 1 3 7 200 200
