0 0 0 0 0 0 -4 6 -58 8 8 50 0 0 0
0 10 0 0 0 45 -4 6 -58 8 8 50 116 0 0
0 0 0 0 0 0 -5 5 -62 10 10 4 0 58 1
0 10 0 0 0 45 -5 5 -62 10 10 4 28 58 1
0 0 0 0 0 0 -5 5 -8 10 10 5 56 58 1
0 10 0 0 0 45 -5 5 -8 10 10 5 86 58 1
0 0 0 0 0 0 -3 7 -3 6 6 2 116 58 2
0 0 0 0 0 0 -4.5 5.5 -40 9 9 2 132 58 3
0 10 0 0 0 45 -4.5 5.5 -40 9 9 2 154 58 3
0 0 0 0 0 0 -4.5 5.5 -24 9 9 2 176 58 3
0 10 0 0 0 45 -4.5 5.5 -24 9 9 2 198 58 3
0 0 0 0 0 0 -2.5 7.5 -66 5 5 4 220 58 3
0 10 0 0 0 45 -2.5 7.5 -66 5 5 4 238 58 3
0 0 0 0 0 0 -1.5 8.5 -69 3 3 3 0 73 2
0 0 0 0 0 0 -1 0 -30 2 8 3 12 73 4
0 0 0 0 0 0 -1 2 -48 2 6 3 22 73 4
0 0 0 0 0 0 -1 14 -50 2 2 8 32 73 5
0 0 0 0 0 0 -0.5 16 -52 1 1 3 52 73 2
0 0 0 0 0 0 4 8.5 -45 1.5 3 22 60 73 3
0 0 0 0 0 0 -5.5 8.5 -45 1.5 3 22 107 73 3
0 0 0 0 0 0 -2 13.5 -12 4 2 10 154 73 1
